1000 3 4
1000 1000 1000
1000 1000 1000
1000 1000 1000
1000 1000 1000

0	847	1044
1	1377	1384
2	437	874
3	970	1278
4	878	996
5	171	201
6	856	1200
7	496	911
8	138	242
9	1118	1277
10	1330	1400
11	34	1197
12	1040	1311
13	238	663
14	545	894
15	149	194
16	500	927
17	717	1295
18	786	902
19	580	1115
20	931	1038
21	354	755
22	433	997
23	1338	1423
24	1099	1390
25	899	1413
26	364	810
27	177	1246
28	857	877
29	611	940
30	400	634
31	1137	1435
32	6	550
33	220	434
34	1403	1405
35	789	1078
36	1396	1403
37	251	575
38	1228	1438
39	1023	1232
40	457	637
41	1025	1407
42	1197	1303
43	870	1363
44	266	697
45	294	568
46	3	393
47	902	1306
48	1402	1434
49	104	1301
50	837	1152
51	1277	1401
52	36	329
53	440	1375
54	295	1083
55	939	1350
56	273	377
57	387	666
58	607	1161
59	156	362
60	193	1248
61	1006	1276
62	975	1380
63	295	591
64	688	782
65	1337	1360
66	1335	1419
67	658	1283
68	406	489
69	1020	1255
70	427	791
71	1029	1206
72	356	1268
73	309	1306
74	43	1417
75	1138	1287
76	299	699
77	640	1408
78	1276	1355
79	341	822
80	1406	1433
81	591	1220
82	680	1244
83	11	511
84	516	898
85	279	948
86	1004	1175
87	701	786
88	347	1264
89	1426	1437
90	1050	1285
91	930	1132
92	497	1024
93	1131	1193
94	890	1143
95	257	1354
96	853	1419
97	735	804
98	315	1080
99	764	1389
100	430	1348
101	145	596
102	701	926
103	268	1227
104	825	1251
105	465	987
106	1231	1350
107	1136	1248
108	248	1392
109	950	1411
110	649	1359
111	665	1219
112	858	1107
113	163	1405
114	594	1375
115	164	597
116	105	148
117	378	1284
118	290	774
119	1234	1400
120	335	756
121	1316	1395
122	857	1091
123	76	396
124	1121	1278
125	1256	1308
126	359	603
127	160	1232
128	894	1082
129	1438	1440
130	569	968
131	382	524
132	570	730
133	1041	1108
134	745	1257
135	674	696
136	401	875
137	421	1007
138	1410	1422
139	0	279
140	726	1329
141	159	347
142	1373	1410
143	1042	1142
144	482	1377
145	424	1058
146	275	1381
147	344	528
148	291	1054
149	1136	1269
150	67	392
151	395	739
152	659	982
153	892	1348
154	350	1201
155	1422	1431
156	600	757
157	1350	1384
158	54	1284
159	347	1356
160	806	1431
161	270	1122
162	596	980
163	1380	1423
164	50	1364
165	148	875
166	534	1312
167	12	688
168	407	515
169	25	1097
170	431	1398
171	763	1061
172	114	1408
173	1321	1326
174	1045	1326
175	1117	1313
176	851	1236
177	85	356
178	877	1238
179	1277	1376
180	267	1177
181	513	529
182	499	969
183	1313	1357
184	262	708
185	564	831
186	91	277
187	1415	1429
188	880	1078
189	472	802
190	244	1079
191	707	1107
192	907	908
193	1253	1283
194	825	1435
195	895	1362
196	255	1337
197	452	491
198	760	1091
199	102	514
200	451	981
201	893	966
202	1161	1359
203	1068	1120
204	444	779
205	959	1077
206	476	1293
207	879	910
208	369	597
209	906	1157
210	221	638
211	1188	1339
212	237	626
213	1025	1210
214	797	1108
215	683	1172
216	358	711
217	1046	1077
218	1131	1274
219	97	845
220	1422	1424
221	639	777
222	433	662
223	1095	1260
224	550	880
225	3	450
226	4	1136
227	1277	1413
228	2	1310
229	1091	1135
230	1415	1431
231	203	913
232	1425	1437
233	628	906
234	599	1139
235	71	1142
236	215	960
237	1117	1307
238	0	835
239	1422	1426
240	92	366
241	1438	1440
242	1314	1404
243	1360	1430
244	586	588
245	1351	1420
246	545	1243
247	163	249
248	1087	1375
249	991	1098
250	586	1417
251	1371	1437
252	361	1100
253	752	1025
254	764	1211
255	1091	1285
256	1013	1052
257	1025	1420
258	1367	1403
259	1134	1191
260	811	1323
261	24	1074
262	599	1137
263	1218	1434
264	277	819
265	1244	1411
266	386	1210
267	824	1257
268	1340	1368
269	864	1178
270	865	1018
271	925	1235
272	43	594
273	720	768
274	663	958
275	109	562
276	820	904
277	900	1146
278	1137	1344
279	1156	1255
280	962	1398
281	358	546
282	450	734
283	205	524
284	1293	1302
285	1380	1431
286	1249	1326
287	797	1256
288	909	1339
289	1382	1396
290	1195	1361
291	306	404
292	1125	1159
293	208	358
294	491	1076
295	627	786
296	1066	1401
297	74	368
298	151	835
299	726	1324
300	886	1285
301	289	383
302	770	1380
303	1338	1375
304	1406	1418
305	997	1062
306	457	1399
307	480	1030
308	282	288
309	11	489
310	976	1124
311	475	824
312	634	822
313	748	1369
314	1117	1200
315	295	699
316	1172	1178
317	1117	1398
318	462	502
319	590	780
320	995	1036
321	288	1260
322	741	1091
323	447	680
324	610	990
325	954	1127
326	1143	1168
327	508	708
328	789	1295
329	1000	1121
330	452	1310
331	896	1108
332	304	1275
333	85	844
334	1365	1380
335	507	915
336	1009	1160
337	122	734
338	380	550
339	1101	1312
340	70	761
341	954	1396
342	1039	1072
343	757	1031
344	163	995
345	411	1093
346	421	1381
347	1250	1324
348	55	305
349	1226	1412
350	930	1155
351	822	1271
352	1093	1247
353	772	897
354	1088	1427
355	52	752
356	127	1025
357	127	1415
358	688	1143
359	887	1005
360	752	1038
361	871	1038
362	1277	1290
363	6	1312
364	1276	1416
365	1062	1258
366	117	862
367	1306	1365
368	797	908
369	1051	1120
370	173	779
371	896	1258
372	999	1307
373	1310	1374
374	712	798
375	950	1178
376	784	1370
377	1388	1422
378	1079	1106
379	185	553
380	365	1008
381	1245	1299
382	1413	1420
383	1309	1404
384	1241	1426
385	731	1119
386	352	875
387	474	1032
388	686	1021
389	654	1145
390	64	932
391	717	840
392	1147	1432
393	279	1017
394	861	957
395	214	1024
396	947	1278
397	1147	1168
398	1438	1440
399	910	1314
400	528	1061
401	173	203
402	746	1087
403	482	1192
404	937	1163
405	553	1322
406	80	793
407	1389	1405
408	1365	1409
409	884	1188
410	713	1102
411	849	1060
412	905	1138
413	369	973
414	1312	1314
415	1173	1370
416	1045	1223
417	123	384
418	1083	1097
419	38	265
420	1325	1367
421	129	424
422	65	1257
423	1200	1305
424	1437	1438
425	416	1176
426	159	469
427	1132	1311
428	830	907
429	1213	1327
430	371	1316
431	1269	1322
432	532	607
433	777	945
434	34	793
435	102	675
436	1425	1429
437	646	1198
438	120	750
439	142	452
440	1362	1382
441	1389	1408
442	1302	1336
443	1372	1422
444	897	1438
445	135	1179
446	479	787
447	820	1049
448	420	484
449	798	874
450	563	1020
451	1146	1343
452	299	1136
453	1121	1181
454	566	1294
455	862	1120
456	562	596
457	1097	1395
458	729	1374
459	340	399
460	822	823
461	409	710
462	1249	1408
463	1426	1436
464	1020	1334
465	28	1332
466	67	164
467	743	1416
468	1380	1400
469	1109	1432
470	1237	1278
471	978	1356
472	631	848
473	1015	1379
474	1408	1409
475	466	530
476	662	908
477	1019	1191
478	1212	1299
479	465	1220
480	970	1306
481	326	1365
482	1416	1439
483	591	998
484	626	1002
485	861	1246
486	200	638
487	510	1043
488	300	973
489	523	755
490	1259	1405
491	479	736
492	880	1387
493	315	489
494	52	922
495	1262	1393
496	565	1086
497	177	1085
498	1187	1327
499	966	1255
500	1320	1369
501	1206	1309
502	1204	1316
503	855	1382
504	172	667
505	1044	1386
506	1381	1388
507	1185	1252
508	427	693
509	1434	1437
510	577	578
511	541	905
512	1063	1190
513	1403	1414
514	730	1129
515	1287	1436
516	1299	1347
517	920	1191
518	360	906
519	713	777
520	584	608
521	1181	1192
522	1242	1398
523	1218	1256
524	970	1334
525	1131	1286
526	1418	1436
527	912	1142
528	1002	1080
529	282	749
530	48	70
531	582	605
532	1052	1273
533	301	1284
534	1431	1432
535	227	741
536	457	1011
537	909	1264
538	1152	1388
539	683	1147
540	126	1159
541	399	1226
542	1073	1396
543	437	1107
544	937	1155
545	34	760
546	1023	1272
547	1005	1350
548	1284	1417
549	17	315
550	313	765
551	274	396
552	281	1178
553	866	987
554	89	913
555	120	871
556	466	1093
557	1369	1412
558	1085	1203
559	583	1054
560	1365	1415
561	1307	1377
562	1006	1070
563	1057	1417
564	800	1395
565	745	1179
566	385	1072
567	1000	1306
568	621	1154
569	131	901
570	70	860
571	1006	1038
572	650	1254
573	1403	1414
574	1326	1438
575	864	1160
576	1101	1281
577	590	1132
578	1112	1315
579	523	667
580	184	330
581	821	1211
582	1363	1411
583	62	1025
584	1284	1401
585	39	216
586	226	1411
587	1433	1438
588	469	718
589	1351	1363
590	435	1170
591	92	120
592	1036	1350
593	612	1059
594	68	776
595	1350	1389
596	289	1167
597	1268	1360
598	598	631
599	889	1161
600	936	1387
601	890	1347
602	1195	1404
603	800	1400
604	1415	1429
605	806	1416
606	788	1345
607	95	1203
608	410	1290
609	206	377
610	888	1425
611	137	483
612	190	674
613	1292	1406
614	616	641
615	983	1380
616	607	725
617	343	1322
618	491	1029
619	347	355
620	55	793
621	841	1041
622	836	1220
623	483	596
624	583	661
625	997	1014
626	240	525
627	656	1226
628	1100	1141
629	1079	1154
630	1170	1369
631	259	497
632	100	959
633	710	1043
634	1213	1284
635	911	1055
636	1287	1396
637	368	455
638	600	1324
639	633	1256
640	108	130
641	1361	1387
642	422	1271
643	613	1344
644	160	628
645	1111	1281
646	722	1016
647	666	938
648	460	1392
649	222	234
650	1018	1210
651	212	1172
652	976	1111
653	825	862
654	957	1438
655	961	1204
656	872	1157
657	549	934
658	925	1405
659	494	1116
660	1071	1074
661	1434	1436
662	364	595
663	327	1185
664	914	956
665	665	1431
666	1289	1323
667	991	1147
668	265	848
669	1270	1301
670	203	824
671	1001	1356
672	362	537
673	1280	1317
674	997	1082
675	364	721
676	332	990
677	466	575
678	916	965
679	1160	1398
680	920	1086
681	425	1056
682	506	1084
683	1414	1425
684	1008	1117
685	1367	1373
686	1031	1170
687	1284	1377
688	736	1165
689	465	1027
690	1363	1366
691	1219	1262
692	393	447
693	903	1204
694	894	1357
695	1137	1144
696	795	1130
697	850	1114
698	147	1115
699	658	836
700	344	571
701	1087	1150
702	251	1018
703	1312	1421
704	336	834
705	958	1383
706	245	726
707	891	1233
708	766	874
709	282	1095
710	1172	1264
711	981	1230
712	494	1298
713	734	804
714	636	1026
715	323	808
716	1217	1292
717	693	745
718	231	929
719	1228	1319
720	666	787
721	784	1194
722	286	617
723	786	1435
724	10	671
725	1180	1289
726	443	1133
727	1127	1391
728	1374	1375
729	306	682
730	816	1015
731	622	981
732	1370	1374
733	888	940
734	1405	1435
735	781	816
736	152	1436
737	443	991
738	1122	1407
739	1298	1385
740	277	362
741	1299	1309
742	348	1118
743	904	1254
744	1058	1362
745	101	638
746	1156	1337
747	695	960
748	259	1117
749	320	1398
750	513	1321
751	1349	1369
752	1294	1381
753	23	559
754	29	709
755	1093	1155
756	234	528
757	1282	1395
758	245	1269
759	675	886
760	448	1374
761	254	497
762	1330	1409
763	753	1024
764	568	600
765	1374	1394
766	1121	1412
767	665	1382
768	1393	1427
769	707	732
770	23	1369
771	303	1206
772	49	1395
773	50	470
774	678	1273
775	1199	1269
776	505	765
777	1183	1208
778	1194	1295
779	1361	1372
780	114	1068
781	1036	1038
782	1032	1420
783	96	719
784	1386	1418
785	675	917
786	1205	1345
787	91	1132
788	883	999
789	658	731
790	1242	1380
791	461	678
792	1342	1349
793	475	1149
794	370	1369
795	1423	1434
796	695	1342
797	1303	1348
798	976	1346
799	127	1104
800	254	1411
801	704	1119
802	416	545
803	381	849
804	417	577
805	1101	1232
806	1122	1309
807	1235	1320
808	124	759
809	240	603
810	1374	1426
811	1255	1295
812	269	1434
813	735	1016
814	957	1037
815	531	890
816	751	1030
817	284	1000
818	278	319
819	944	1352
820	200	416
821	879	1352
822	1237	1303
823	455	1249
824	584	879
825	408	1334
826	363	860
827	1393	1422
828	1091	1437
829	685	1056
830	1420	1433
831	1165	1253
832	669	970
833	486	519
834	921	1200
835	689	1174
836	670	1082
837	855	1364
838	160	1199
839	293	555
840	1138	1276
841	549	1108
842	518	754
843	1311	1410
844	332	839
845	42	346
846	135	859
847	260	1146
848	400	1051
849	536	564
850	626	1422
851	368	526
852	190	248
853	1211	1316
854	532	736
855	798	813
856	525	745
857	823	1433
858	987	1180
859	655	1437
860	1382	1394
861	1280	1435
862	764	1119
863	654	1309
864	1196	1239
865	923	1196
866	136	661
867	936	1268
868	1257	1426
869	1156	1425
870	885	1031
871	868	1029
872	629	651
873	234	325
874	846	1358
875	374	1135
876	1302	1437
877	601	623
878	996	1326
879	964	1429
880	1200	1370
881	243	726
882	108	1347
883	697	865
884	433	960
885	190	908
886	947	1199
887	394	1429
888	1202	1205
889	1214	1402
890	1235	1422
891	188	896
892	6	981
893	949	1284
894	554	1103
895	1385	1421
896	1349	1368
897	576	819
898	165	1074
899	930	1245
900	1090	1207
901	298	1301
902	323	1083
903	1229	1350
904	11	473
905	843	968
906	7	244
907	32	1253
908	1129	1378
909	1309	1407
910	1014	1284
911	706	1321
912	1077	1192
913	1298	1439
914	1066	1330
915	1142	1155
916	248	288
917	152	597
918	335	1269
919	968	1430
920	1243	1393
921	1225	1363
922	1137	1427
923	616	698
924	873	1399
925	875	883
926	656	751
927	531	1174
928	861	1393
929	598	786
930	1300	1413
931	1104	1350
932	827	1365
933	853	982
934	121	287
935	1231	1349
936	899	944
937	920	1249
938	53	1172
939	56	556
940	236	1201
941	924	1388
942	221	1117
943	510	623
944	1263	1302
945	437	1440
946	547	1314
947	501	1435
948	970	1192
949	1048	1343
950	574	1122
951	1421	1425
952	18	1004
953	87	114
954	192	326
955	594	685
956	199	1037
957	199	241
958	1162	1439
959	697	904
960	463	1332
961	1216	1411
962	226	572
963	185	817
964	1438	1439
965	22	1144
966	142	821
967	932	960
968	587	1085
969	661	1431
970	1413	1438
971	878	896
972	1400	1436
973	1013	1374
974	380	1303
975	111	864
976	1058	1214
977	516	706
978	1269	1423
979	1418	1420
980	530	1073
981	92	1329
982	1057	1390
983	418	1011
984	41	379
985	1160	1269
986	708	1399
987	678	959
988	389	666
989	228	329
990	901	1388
991	818	1317
992	595	1108
993	437	1093
994	253	541
995	1392	1428
996	1419	1427
997	1194	1233
998	1187	1227
999	1016	1210

701 915 583
153 769 709
222 786 678
24 121 433
616 248 767
698 284 973
964 285 324
191 658 897
264 161 865
943 635 342
555 53 180
292 131 361
519 363 801
994 835 783
547 488 209
402 765 470
825 246 211
36 5 840
456 752 339
344 129 967
731 252 618
73 193 785
126 393 330
127 439 617
451 283 334
810 716 698
685 732 794
406 975 956
793 411 474
181 179 93
689 410 407
820 387 594
536 625 556
56 677 136
871 762 927
935 168 258
224 233 182
686 165 26
918 348 458
725 226 995
710 229 765
64 957 223
815 186 851
105 979 885
292 119 116
921 365 103
863 125 673
926 232 62
316 831 497
460 38 218
895 168 387
456 539 401
415 633 739
770 149 61
270 764 407
293 650 256
261 581 611
378 708 157
638 40 176
597 47 26
861 447 417
467 814 721
990 853 556
920 932 110
419 293 438
688 648 721
166 371 171
601 235 415
36 617 717
72 585 822
313 313 2
569 667 404
977 373 439
777 509 605
715 812 794
978 904 948
886 362 598
795 856 536
271 630 212
810 574 371
538 787 916
102 956 814
874 358 777
46 397 36
255 567 514
694 346 45
343 383 730
990 828 218
695 21 1
481 473 712
793 697 941
665 677 314
850 856 716
665 226 315
272 689 692
677 381 848
289 198 112
808 309 330
595 248 324
980 695 561
227 130 888
704 770 350
262 775 636
649 196 370
428 361 398
92 548 306
580 254 214
180 954 153
672 313 375
621 482 557
415 514 421
3 358 15
512 547 795
327 412 609
531 433 214
183 603 64
342 915 352
995 753 157
544 378 285
706 160 465
808 141 488
875 685 36
381 170 277
65 620 392
529 523 233
938 464 497
864 538 261
772 46 325
232 420 158
774 210 221
553 986 24
415 982 956
517 420 219
434 900 258
98 887 328
77 751 773
376 680 643
824 707 301
598 644 527
96 305 148
373 941 611
475 7 86
396 733 744
75 733 909
549 550 358
850 325 114
172 145 924
354 430 75
273 371 988
956 771 646
917 654 441
642 760 486
898 327 651
322 12 707
469 936 965
936 915 930
812 676 728
674 695 904
982 935 72
291 299 436
405 563 620
149 624 137
590 688 472
756 686 701
86 362 831
398 508 567
437 579 865
125 312 596
14 642 159
564 530 496
617 386 436
982 751 834
584 182 327
769 424 494
912 354 642
504 49 876
842 822 156
205 691 443
330 361 295
256 342 343
376 937 697
282 960 732
920 273 263
858 890 578
683 306 771
261 754 289
393 534 617
911 619 588
941 306 221
384 200 641
924 729 557
998 451 61
788 510 148
736 961 253
265 880 498
134 846 581
448 1000 516
321 31 716
867 270 138
445 643 753
560 840 429
455 662 145
47 139 512
171 269 35
765 273 766
865 161 831
664 578 273
504 178 503
338 252 730
910 972 651
734 956 740
250 849 341
618 304 596
731 332 214
672 238 30
173 579 135
69 953 451
305 461 323
750 147 642
54 459 461
449 202 672
576 563 557
25 813 226
775 996 422
111 308 821
625 234 840
149 401 393
560 94 403
144 677 392
404 658 167
921 271 329
648 611 476
553 955 203
888 576 956
30 729 260
247 813 392
245 922 992
496 66 128
122 980 110
164 150 639
542 601 485
313 153 893
992 608 198
901 509 274
654 71 533
87 603 284
3 995 666
974 787 938
403 684 346
968 959 30
230 954 709
758 628 996
633 642 999
772 413 907
391 680 604
184 691 79
339 861 491
290 753 86
660 564 950
647 488 436
116 558 512
276 740 266
65 923 482
864 876 444
217 928 302
789 631 258
107 326 750
267 688 13
656 182 732
853 184 280
137 310 283
627 417 268
621 807 408
740 265 686
272 546 459
846 549 119
93 604 559
477 290 126
182 257 149
590 326 94
548 481 978
899 155 656
156 372 312
792 163 437
957 490 902
680 184 216
176 217 419
32 993 989
448 623 387
406 244 601
802 327 435
172 216 319
703 75 811
859 98 68
768 89 573
180 798 675
518 616 320
514 810 347
629 226 620
783 346 754
892 269 812
417 184 256
806 590 948
941 361 647
790 618 850
132 487 591
176 687 858
132 944 411
846 626 792
439 468 591
617 641 339
584 430 976
921 631 105
918 538 693
33 263 285
968 757 701
460 425 671
454 791 386
520 330 660
885 373 141
166 394 10
380 26 436
64 348 783
385 474 811
347 500 868
980 574 564
740 200 297
475 499 330
822 113 720
286 644 357
87 710 427
605 110 289
913 832 980
189 415 914
171 716 734
231 147 332
76 660 289
462 3 467
587 217 215
504 552 556
261 963 362
454 503 455
124 831 427
923 546 611
597 751 277
239 169 506
46 504 45
892 213 522
218 721 439
176 904 745
674 415 937
903 606 366
850 513 587
367 947 723
588 365 983
952 424 381
356 84 567
771 467 276
652 214 731
930 431 990
732 496 937
476 86 275
770 915 678
174 80 141
621 966 870
175 778 179
709 605 781
659 948 480
102 217 68
215 326 663
901 85 483
843 772 96
801 250 641
952 412 636
563 298 329
43 715 37
437 358 380
288 804 745
63 672 133
176 100 53
792 173 682
798 149 827
531 82 975
611 950 81
329 745 172
327 95 914
17 411 326
680 504 516
406 886 423
36 758 814
321 661 601
627 656 560
12 368 234
62 812 453
393 802 709
275 648 563
558 206 539
2 466 755
806 834 696
338 844 950
487 970 322
545 205 329
281 996 733
278 736 792
916 704 886
439 828 35
372 834 457
137 484 274
293 933 756
795 719 763
575 300 121
578 504 435
677 712 756
564 755 11
756 658 351
71 313 550
767 257 871
489 439 64
438 920 637
300 980 398
149 82 871
162 535 607
181 654 697
684 380 237
162 751 969
260 129 220
224 997 607
338 538 259
782 691 998
159 926 272
747 733 546
461 773 670
893 980 27
998 819 503
899 594 582
531 498 64
574 687 744
885 650 170
709 268 301
319 780 976
894 206 540
629 395 980
719 721 533
570 614 108
993 717 351
391 325 458
983 649 211
208 496 480
768 966 508
555 226 860
371 613 180
678 114 497
157 682 591
371 491 545
18 461 578
627 240 734
678 7 667
41 855 350
151 732 507
438 895 860
367 278 682
193 210 369
215 286 363
34 331 215
556 88 354
185 369 407
568 553 843
116 70 731
771 588 807
251 36 372
916 164 440
802 232 57
167 875 7
310 808 286
704 306 14
810 862 271
413 998 337
161 229 970
834 715 918
652 544 781
359 810 578
717 269 461
488 523 537
50 800 720
42 772 369
799 686 169
591 230 60
736 814 213
692 832 602
626 161 831
919 11 18
258 771 797
381 645 648
361 273 884
85 787 703
575 1000 686
264 947 265
445 829 749
513 556 46
128 296 610
117 238 289
306 135 488
764 444 692
402 630 530
265 597 247
656 387 737
980 342 145
19 19 170
879 693 468
801 670 353
54 832 546
936 521 47
880 120 148
343 334 710
721 747 453
369 492 961
670 985 759
629 889 812
281 360 497
549 491 21
325 293 943
412 313 355
825 1000 321
555 302 104
352 752 135
553 420 80
962 396 629
936 499 883
105 128 695
118 323 180
24 699 438
613 613 568
340 76 759
345 451 408
655 659 540
32 589 794
440 176 700
60 840 438
680 707 168
139 456 714
162 433 547
243 526 746
55 798 737
126 958 419
722 494 99
153 576 679
496 279 811
619 177 123
615 258 18
867 587 785
977 466 285
386 16 35
815 737 660
727 956 638
845 834 130
876 663 247
66 320 280
481 920 96
491 421 117
569 407 235
524 832 11
152 873 995
700 681 638
181 160 303
757 410 443
968 855 431
820 542 476
31 57 49
132 341 31
26 16 120
50 623 424
239 353 827
298 435 981
114 372 32
809 369 124
811 123 614
626 946 978
679 790 931
152 339 773
546 111 831
401 103 670
605 511 749
598 470 186
103 74 450
564 581 600
347 892 390
322 813 188
871 329 208
529 556 2
337 236 113
256 17 559
177 994 477
629 56 164
887 698 591
768 528 425
860 320 745
643 64 62
218 160 708
544 600 599
1 73 800
312 189 332
966 472 645
486 389 642
769 601 739
712 466 320
387 118 436
412 623 241
678 431 622
546 85 59
288 596 491
31 763 935
5 925 213
490 639 593
316 757 613
304 54 707
388 840 305
508 739 29
145 755 340
168 921 822
137 613 311
340 370 513
887 461 405
644 509 932
462 843 79
374 549 514
321 612 765
994 102 746
226 941 164
957 585 1000
192 460 804
467 294 149
771 202 440
938 732 212
606 412 95
10 435 770
745 174 316
587 107 376
848 342 338
62 769 965
693 31 650
376 866 532
323 243 459
193 337 226
465 889 916
156 420 262
163 758 718
329 254 213
622 511 131
58 360 70
768 820 684
586 212 701
223 433 171
675 730 338
690 777 675
349 489 632
299 616 124
395 131 159
689 372 786
514 7 224
463 798 904
230 580 850
379 126 328
220 691 924
792 290 891
837 125 833
393 906 234
802 42 212
407 840 306
390 406 616
104 21 362
101 842 573
631 127 127
672 923 792
79 647 704
14 931 789
347 365 485
745 449 462
227 727 727
575 793 441
115 103 86
642 219 230
338 630 389
475 300 205
938 941 959
969 678 556
86 833 346
915 400 297
692 480 63
418 837 718
263 287 670
792 786 262
512 635 629
972 596 133
140 793 952
565 218 36
360 460 872
806 815 275
359 293 834
313 268 143
92 452 694
313 63 36
834 460 185
189 205 279
361 408 578
247 596 102
935 597 793
183 24 258
201 161 519
315 476 26
189 592 436
260 699 5
393 932 359
56 915 482
985 529 821
719 403 529
860 815 350
692 60 292
494 268 513
664 117 294
821 115 540
165 1 99
904 189 663
237 749 677
933 193 549
116 166 672
979 870 358
392 31 484
725 922 15
303 87 993
499 526 798
610 186 521
542 370 444
769 265 161
175 623 919
101 251 445
357 66 521
397 574 600
552 741 936
205 286 721
91 549 682
571 956 356
690 477 301
89 290 318
827 89 794
743 442 711
71 724 835
416 784 977
310 541 57
558 235 911
437 172 107
602 884 578
669 934 121
624 147 537
896 306 652
374 828 174
32 929 820
838 84 871
25 419 824
303 900 498
358 388 480
903 432 389
755 51 120
857 421 501
933 966 299
448 654 466
982 467 591
965 484 718
921 118 945
70 644 164
161 949 885
755 787 598
238 269 654
18 199 487
260 685 255
680 517 451
224 692 523
615 678 552
591 361 7
22 155 97
246 37 945
240 193 564
821 275 275
802 388 591
507 961 297
614 850 335
284 340 170
142 669 121
280 24 441
535 258 662
127 757 935
281 841 701
397 545 814
932 415 27
630 576 200
176 652 798
896 728 580
919 541 706
980 137 823
941 491 233
265 400 85
747 804 756
356 191 49
576 917 881
328 393 817
825 176 722
772 636 873
158 397 122
986 647 527
83 53 774
822 443 713
456 553 280
808 782 633
322 114 817
339 648 908
545 874 560
48 490 295
737 254 513
924 459 554
838 458 623
111 74 112
418 478 759
854 754 114
784 532 279
546 76 204
318 314 991
116 963 14
704 471 88
733 485 116
419 202 454
608 641 743
899 170 849
37 313 168
929 291 986
695 386 506
873 163 929
627 994 131
74 516 454
282 462 251
704 379 668
135 752 763
753 709 402
491 708 415
844 352 970
650 553 438
983 638 307
554 122 472
506 640 371
217 662 528
513 174 79
80 719 681
172 237 108
768 685 720
224 739 65
221 480 269
830 504 798
737 881 773
278 457 804
782 319 702
342 936 889
836 523 193
762 423 134
377 925 73
391 817 610
769 481 960
169 121 84
101 138 318
878 832 569
61 478 437
652 128 148
126 741 347
416 69 814
628 537 44
777 900 644
20 191 566
613 510 882
795 935 908
903 97 890
957 495 73
616 893 108
973 737 948
173 6 791
163 277 733
183 962 287
725 142 398
459 844 997
742 428 431
499 5 285
359 859 582
567 774 632
617 89 242
33 794 335
583 398 766
826 982 180
676 156 327
205 561 485
803 250 811
247 405 837
100 875 4
373 589 841
246 568 862
281 140 809
536 582 571
113 885 517
655 474 536
979 638 79
234 752 571
389 725 747
452 787 986
969 204 304
462 961 931
893 948 168
892 353 323
289 70 861
915 288 86
682 362 664
180 760 712
659 871 111
240 502 580
477 155 819
278 704 196
585 521 589
555 522 582
373 778 621
507 455 314
236 7 973
84 799 83
866 376 68
279 330 834
9 145 157
684 477 67
501 327 97
519 56 160
641 247 943
403 239 558
113 558 446
535 386 632
296 83 533
395 858 351
20 279 857
673 723 717
274 673 843
128 343 94
158 741 674
756 805 293
258 353 975
86 22 181
781 70 486
570 1 861
327 272 60
214 839 428
750 956 104
111 450 689
607 598 771
973 501 556
264 561 266
158 142 650
391 597 930
587 273 864
199 507 458
632 747 893
741 492 404
535 205 947
874 294 175
519 623 433
178 943 597
766 931 836
488 204 750
623 370 175
440 743 977
91 343 583
811 871 724
866 396 595
715 388 599
135 311 722
946 158 184
680 848 673
255 797 319
356 590 642
686 733 186
460 328 411
109 747 67
681 170 115
478 525 497
840 692 973
51 762 441
508 749 290
418 554 940
151 602 814
89 309 327
387 330 243
379 743 488
531 316 43
714 217 69
536 931 696
280 507 13
941 323 739
79 949 557
937 568 923
810 9 900
217 572 308
