Instance:Instances/0/60/3/4/instance0-60-3-4.data
Solution status:Mip1
Optimal Value=33
temps écoulé (en secondes):2.26758
IdMachine Nombre de jobs ordonnancés
0 8
1 8
2 10
3 7
IdMachine n°Job Si Fi 
0 7 1391 1415
0 9 1075 1282
0 22 1424 1430
0 27 308 863
0 30 155 333
0 33 379 1275
0 35 1339 1389
0 58 523 1057
1 3 772 875
1 4 959 1019
1 17 1137 1278
1 18 1342 1376
1 25 64 749
1 34 1091 1129
1 42 132 559
1 57 1378 1393
2 0 1113 1152
2 19 1163 1205
2 20 892 1160
2 21 1438 1439
2 24 1222 1418
2 32 819 1081
2 38 1352 1396
2 44 557 845
2 50 1420 1436
2 56 122 623
3 2 523 535
3 11 1416 1440
3 23 1207 1349
3 40 161 358
3 47 493 1082
3 49 1381 1394
3 59 1093 1145
Instance:Instances/0/60/3/4/instance1-60-3-4.data
Solution status:Mip1
Optimal Value=32
temps écoulé (en secondes):3.90075
IdMachine Nombre de jobs ordonnancés
0 8
1 7
2 11
3 6
IdMachine n°Job Si Fi 
0 3 1024 1285
0 8 722 835
0 12 422 480
0 25 1366 1379
0 26 1286 1349
0 27 978 1021
0 30 30 554
0 36 1111 1339
1 5 812 1362
1 10 960 1189
1 13 274 396
1 14 1398 1434
1 31 1392 1398
1 39 1293 1340
1 52 465 880
2 9 1360 1368
2 17 459 510
2 18 366 372
2 19 1385 1432
2 22 1289 1362
2 41 787 870
2 44 1113 1289
2 46 949 1099
2 49 301 348
2 50 542 786
2 54 989 1082
3 7 91 1060
3 20 1279 1419
3 21 1068 1251
3 28 424 1135
3 33 1112 1138
3 42 221 705
Instance:Instances/0/60/3/4/instance2-60-3-4.data
Solution status:Mip1
Optimal Value=34
temps écoulé (en secondes):2.74988
IdMachine Nombre de jobs ordonnancés
0 9
1 5
2 14
3 6
IdMachine n°Job Si Fi 
0 2 885 1013
0 4 1076 1142
0 6 144 277
0 16 1434 1435
0 24 406 804
0 25 1145 1426
0 30 615 1049
0 34 515 876
0 47 1182 1368
1 0 460 848
1 15 926 1303
1 26 321 1133
1 51 1253 1433
1 54 59 309
2 3 265 278
2 5 392 511
2 7 1414 1423
2 8 1359 1387
2 11 554 576
2 18 1333 1350
2 20 596 645
2 28 1326 1328
2 32 1291 1296
2 35 122 263
2 42 726 1176
2 50 1239 1266
2 53 1054 1271
2 56 646 667
3 9 850 1186
3 10 361 612
3 12 618 822
3 13 263 355
3 41 1237 1295
3 46 1328 1382
Instance:Instances/0/60/3/4/instance3-60-3-4.data
Solution status:Mip1
Optimal Value=32
temps écoulé (en secondes):1.13272
IdMachine Nombre de jobs ordonnancés
0 9
1 4
2 10
3 9
IdMachine n°Job Si Fi 
0 1 492 610
0 2 711 745
0 18 1220 1247
0 27 1222 1236
0 36 224 427
0 41 1308 1375
0 45 1110 1222
0 51 878 1110
0 54 1265 1289
1 30 879 1036
1 49 7 829
1 55 1089 1303
1 56 1308 1312
2 6 1311 1421
2 9 882 1121
2 12 163 719
2 15 24 236
2 16 781 802
2 17 1132 1256
2 26 1426 1429
2 33 514 716
2 53 1264 1311
2 59 1436 1437
3 21 943 1174
3 22 453 526
3 24 299 342
3 25 540 931
3 28 1249 1271
3 29 690 1074
3 43 1308 1327
3 44 1348 1437
3 46 60 262
Instance:Instances/0/60/3/4/instance4-60-3-4.data
Solution status:Mip1
Optimal Value=34
temps écoulé (en secondes):2.02716
IdMachine Nombre de jobs ordonnancés
0 11
1 9
2 7
3 7
IdMachine n°Job Si Fi 
0 6 969 1024
0 7 1129 1323
0 19 828 899
0 30 1040 1103
0 34 571 858
0 38 221 471
0 40 932 1361
0 41 1374 1380
0 49 481 740
0 50 1427 1434
0 57 96 417
1 1 312 643
1 2 136 166
1 12 1080 1218
1 18 198 285
1 25 1295 1414
1 29 878 1355
1 36 305 744
1 39 952 1132
1 44 1252 1272
2 8 1044 1152
2 17 460 846
2 31 1391 1414
2 53 58 975
2 54 1267 1384
2 55 907 1196
2 58 63 245
3 3 87 514
3 14 56 258
3 21 1247 1354
3 26 581 1045
3 27 1130 1183
3 47 1399 1410
3 51 688 1123
Instance:Instances/0/60/3/4/instance5-60-3-4.data
Solution status:Mip1
Optimal Value=34
temps écoulé (en secondes):1.05906
IdMachine Nombre de jobs ordonnancés
0 10
1 7
2 10
3 7
IdMachine n°Job Si Fi 
0 3 517 652
0 16 796 1414
0 17 253 350
0 25 413 459
0 31 1196 1336
0 33 1042 1151
0 37 695 790
0 47 1381 1421
0 50 467 499
0 56 213 225
1 2 1273 1322
1 10 1400 1423
1 21 1386 1388
1 30 690 816
1 34 1078 1235
1 48 175 686
1 53 894 1072
2 5 1347 1374
2 8 309 463
2 15 1285 1313
2 23 1377 1397
2 24 495 1043
2 28 1403 1413
2 29 131 184
2 35 97 1173
2 41 1187 1275
2 49 1416 1423
3 6 1110 1151
3 19 700 744
3 26 1166 1370
3 32 184 342
3 38 1397 1411
3 44 1029 1073
3 58 355 555
Instance:Instances/0/60/3/4/instance6-60-3-4.data
Solution status:Mip1
Optimal Value=32
temps écoulé (en secondes):1.23399
IdMachine Nombre de jobs ordonnancés
0 9
1 7
2 9
3 7
IdMachine n°Job Si Fi 
0 7 1127 1219
0 8 1333 1430
0 19 495 603
0 23 657 658
0 27 12 413
0 34 1260 1317
0 43 685 911
0 53 68 320
0 54 933 1103
1 15 1233 1431
1 17 130 169
1 20 774 785
1 22 314 645
1 30 913 937
1 44 173 226
1 55 1152 1186
2 1 1320 1347
2 2 673 1190
2 6 464 536
2 13 550 1024
2 31 1427 1438
2 35 1371 1400
2 36 1242 1312
2 51 31 411
2 58 1230 1242
3 12 1295 1379
3 16 844 1038
3 18 214 563
3 24 755 1055
3 26 1435 1440
3 28 1146 1262
3 46 445 1102
Instance:Instances/0/60/3/4/instance7-60-3-4.data
Solution status:Mip1
Optimal Value=32
temps écoulé (en secondes):2.20675
IdMachine Nombre de jobs ordonnancés
0 10
1 5
2 9
3 8
IdMachine n°Job Si Fi 
0 8 1439 1440
0 14 374 547
0 15 573 840
0 16 1026 1130
0 28 200 308
0 29 30 60
0 33 1215 1320
0 37 1208 1212
0 57 930 1127
0 58 847 1153
1 10 12 463
1 19 1028 1148
1 24 1190 1221
1 30 554 1008
1 54 1260 1379
2 1 374 397
2 7 1411 1435
2 11 807 1100
2 12 2 468
2 22 1302 1353
2 32 1129 1393
2 38 704 776
2 43 597 635
2 55 981 1252
3 3 1195 1271
3 17 512 1060
3 26 573 1041
3 27 1112 1146
3 36 1272 1293
3 39 504 835
3 40 317 457
3 52 1420 1439
Instance:Instances/0/60/3/4/instance8-60-3-4.data
Solution status:Mip1
Optimal Value=33
temps écoulé (en secondes):2.23149
IdMachine Nombre de jobs ordonnancés
0 9
1 6
2 11
3 7
IdMachine n°Job Si Fi 
0 1 890 1245
0 9 1436 1439
0 11 394 768
0 21 567 719
0 23 777 1139
0 28 1369 1426
0 30 1192 1353
0 32 11 24
0 37 405 661
1 0 87 1255
1 3 1314 1387
1 27 1275 1333
1 41 224 360
1 44 382 640
1 57 848 967
2 7 1175 1197
2 12 921 996
2 16 1371 1416
2 22 1062 1198
2 36 1236 1347
2 40 1099 1112
2 43 527 660
2 47 407 507
2 49 92 338
2 55 566 850
2 56 1422 1436
3 6 1267 1353
3 20 725 746
3 33 361 628
3 50 395 1058
3 52 842 1217
3 54 1367 1405
3 58 760 980
Instance:Instances/0/60/3/4/instance9-60-3-4.data
Solution status:Mip1
Optimal Value=33
temps écoulé (en secondes):1.82629
IdMachine Nombre de jobs ordonnancés
0 6
1 10
2 8
3 9
IdMachine n°Job Si Fi 
0 2 1000 1431
0 4 460 1086
0 17 79 230
0 29 288 448
0 39 329 701
0 55 1099 1201
1 12 121 386
1 15 1341 1351
1 20 337 597
1 30 1240 1277
1 33 1141 1156
1 44 1425 1436
1 46 511 732
1 53 1377 1393
1 57 797 1058
1 59 1300 1317
2 8 1428 1432
2 11 157 428
2 14 510 699
2 25 836 1148
2 31 1432 1440
2 36 1127 1170
2 41 1243 1408
2 52 1216 1221
3 9 853 973
3 16 1276 1360
3 21 78 604
3 26 696 827
3 48 1316 1381
3 49 1026 1153
3 50 1384 1385
3 51 1168 1258
3 54 1017 1026
